250 matches played for each win rate at level 1 32 threads
Win Rate
vs >    7.8.0   7.7.0   7.6.0   7.5.0   7.4.0   7.3.0   7.2.0   7.1.0   7.0.0   Edax4.6 all
7.8.0   -       0.5360  0.5280  0.4940  0.5100  0.5300  0.5600  0.5720  0.5500  0.7220  0.5558
7.7.0   0.4640  -       0.4740  0.4820  0.5320  0.5840  0.5360  0.5220  0.5380  0.6760  0.5342
7.6.0   0.4720  0.5260  -       0.5460  0.5400  0.5780  0.5800  0.5920  0.5520  0.7220  0.5676
7.5.0   0.5060  0.5180  0.4540  -       0.4860  0.5740  0.5280  0.5600  0.5580  0.7740  0.5509
7.4.0   0.4900  0.4680  0.4600  0.5140  -       0.5200  0.5020  0.5220  0.5360  0.7020  0.5238
7.3.0   0.4700  0.4160  0.4220  0.4260  0.4800  -       0.4980  0.5080  0.4900  0.6500  0.4844
7.2.0   0.4400  0.4640  0.4200  0.4720  0.4980  0.5020  -       0.5140  0.5040  0.6540  0.4964
7.1.0   0.4280  0.4780  0.4080  0.4400  0.4780  0.4920  0.4860  -       0.4420  0.6840  0.4818
7.0.0   0.4500  0.4620  0.4480  0.4420  0.4640  0.5100  0.4960  0.5580  -       0.7220  0.5058
Edax4.6 0.2780  0.3240  0.2780  0.2260  0.2980  0.3500  0.3460  0.3160  0.2780  -       0.2993
Average Disc Difference
vs >    7.8.0   7.7.0   7.6.0   7.5.0   7.4.0   7.3.0   7.2.0   7.1.0   7.0.0   Edax4.6 all
7.8.0   -       +0.91   +0.00   +0.15   +0.74   +1.36   +1.67   +3.43   +2.28   +10.60  +2.35
7.7.0   -0.91   -       -2.21   -0.32   +2.26   +3.37   +2.30   -0.48   +1.72   +9.77   +1.72
7.6.0   -0.00   +2.21   -       +1.68   +2.77   +2.18   +2.09   +3.43   +2.22   +10.21  +2.98
7.5.0   -0.15   +0.32   -1.68   -       +1.73   +2.71   +1.46   +2.35   +2.12   +12.36  +2.36
7.4.0   -0.74   -2.26   -2.77   -1.73   -       +1.37   +0.51   +1.08   +2.21   +9.89   +0.84
7.3.0   -1.36   -3.37   -2.18   -2.71   -1.37   -       -0.12   +0.57   +0.27   +8.38   -0.21
7.2.0   -1.67   -2.30   -2.09   -1.46   -0.51   +0.12   -       +0.77   +0.08   +8.10   +0.11
7.1.0   -3.43   +0.48   -3.43   -2.35   -1.08   -0.57   -0.77   -       -1.36   +9.51   -0.33
7.0.0   -2.28   -1.72   -2.22   -2.12   -2.21   -0.27   -0.08   +1.36   -       +8.42   -0.12
Edax4.6 -10.60  -9.77   -10.21  -12.36  -9.89   -8.38   -8.10   -9.51   -8.42   -       -9.69

250 matches played for each win rate at level 5 32 threads
Win Rate
vs >    7.8.0   7.7.0   7.6.0   7.5.0   7.4.0   7.3.0   7.2.0   7.1.0   7.0.0   Edax4.6 all
7.8.0   -       0.4300  0.5440  0.5160  0.5820  0.5820  0.5860  0.5780  0.6440  0.7900  0.5836
7.7.0   0.5700  -       0.5060  0.4780  0.6360  0.5420  0.5760  0.5540  0.5740  0.7980  0.5816
7.6.0   0.4560  0.4940  -       0.5240  0.5340  0.5700  0.5280  0.6020  0.5860  0.8240  0.5687
7.5.0   0.4840  0.5220  0.4760  -       0.5600  0.5860  0.5860  0.5480  0.5900  0.7880  0.5711
7.4.0   0.4180  0.3640  0.4660  0.4400  -       0.5820  0.5760  0.5040  0.5500  0.7860  0.5207
7.3.0   0.4180  0.4580  0.4300  0.4140  0.4180  -       0.4940  0.4720  0.5120  0.7420  0.4842
7.2.0   0.4140  0.4240  0.4720  0.4140  0.4240  0.5060  -       0.4800  0.5940  0.7040  0.4924
7.1.0   0.4220  0.4460  0.3980  0.4520  0.4960  0.5280  0.5200  -       0.6060  0.8380  0.5229
7.0.0   0.3560  0.4260  0.4140  0.4100  0.4500  0.4880  0.4060  0.3940  -       0.7600  0.4560
Edax4.6 0.2100  0.2020  0.1760  0.2120  0.2140  0.2580  0.2960  0.1620  0.2400  -       0.2189
Average Disc Difference
vs >    7.8.0   7.7.0   7.6.0   7.5.0   7.4.0   7.3.0   7.2.0   7.1.0   7.0.0   Edax4.6 all
7.8.0   -       -0.62   +0.32   -0.02   +1.94   +2.05   +2.29   +2.28   +3.00   +9.04   +2.25
7.7.0   +0.62   -       +0.18   -0.55   +2.36   +1.21   +1.97   +1.30   +2.04   +8.30   +1.94
7.6.0   -0.32   -0.18   -       +0.70   +0.03   +1.39   +1.58   +2.08   +1.90   +9.87   +1.89
7.5.0   +0.02   +0.55   -0.70   -       +1.55   +1.98   +2.34   +1.18   +2.35   +8.84   +2.01
7.4.0   -1.94   -2.36   -0.03   -1.55   -       +1.66   +1.62   +0.67   +0.42   +7.26   +0.64
7.3.0   -2.05   -1.21   -1.39   -1.98   -1.66   -       -0.02   -0.63   +0.40   +6.58   -0.22
7.2.0   -2.29   -1.97   -1.58   -2.34   -1.62   +0.02   -       -0.04   +1.56   +6.30   -0.22
7.1.0   -2.28   -1.30   -2.08   -1.18   -0.67   +0.63   +0.04   -       +1.95   +8.71   +0.42
7.0.0   -3.00   -2.04   -1.90   -2.35   -0.42   -0.40   -1.56   -1.95   -       +7.02   -0.73
Edax4.6 -9.04   -8.30   -9.87   -8.84   -7.26   -6.58   -6.30   -8.71   -7.02   -       -7.99
