58 2 -8
57 1 -3
56 2 4
55 3 8
54 4 -6
53 7 4
52 10 1
51 7 4
50 2 -10
49 11 1
48 12 -4
47 1 0
46 4 3
45 15 -4
44 12 1
43 3 3
42 10 5
41 5 -2
58 0 12
57 3 -1
56 6 1
55 1 4
54 0 10
53 5 8
52 2 7
51 7 -1
50 6 -1
49 1 0
48 0 10
47 13 1
46 12 2
45 9 2
44 2 15
43 9 6
42 8 1
41 13 1
58 0 6
57 5 3
56 2 -4
55 1 3
54 8 2
53 7 5
52 2 1
51 5 -1
50 4 -4
49 7 4
48 12 -2
47 1 -12
46 2 1
45 15 -3
44 4 -2
43 3 -18
42 10 -2
41 9 -2
58 2 0
57 5 4
56 4 -6
55 7 -2
54 2 -2
53 5 3
52 2 0
51 9 -4
50 10 7
49 9 0
48 8 0
47 11 4
46 10 3
45 15 1
44 12 0
43 11 2
42 2 2
41 11 5
58 2 6
57 5 1
56 6 -4
55 5 0
54 4 4
53 1 -8
52 8 0
51 9 -3
50 8 5
49 5 1
48 12 -1
47 13 1
46 0 -17
45 5 4
44 8 1
43 9 5
42 10 -2
41 7 1
58 4 2
57 3 -1
56 6 -1
55 5 5
54 6 1
53 5 7
52 2 -5
51 5 1
50 8 5
49 3 -8
48 12 1
47 9 4
46 10 6
45 7 -1
44 8 4
43 5 4
42 6 2
41 13 -1
58 2 2
57 5 -13
56 2 14
55 5 0
54 6 -4
53 3 3
52 6 1
51 3 12
50 6 -2
49 1 -6
48 0 8
47 9 -2
46 10 4
45 9 -7
44 2 10
43 7 4
42 10 -2
41 3 -4
58 4 -1
57 5 1
56 2 -6
55 3 7
54 2 8
53 7 -1
52 6 1
51 11 -2
50 2 -4
49 13 2
48 2 2
47 3 -5
46 10 -1
45 15 2
44 8 4
43 7 1
42 10 9
41 13 3
58 0 6
57 1 -7
56 2 10
55 5 -2
54 4 -3
53 9 -3
52 6 4
51 5 4
50 2 6
49 9 -1
48 4 6
47 15 2
46 12 2
45 1 -2
44 12 2
43 11 6
42 12 -2
41 11 -1
58 4 -6
57 3 0
56 2 -6
55 5 -10
54 4 0
53 9 0
52 4 -2
51 11 0
50 10 6
49 9 0
48 6 2
47 7 -5
46 14 -4
45 7 1
44 12 1
43 5 5
42 10 1
41 7 -1
58 0 8
57 3 -2
56 4 -3
55 7 -3
54 6 -5
53 5 -3
52 10 0
51 5 -3
50 0 -6
49 1 -9
48 12 -1
47 13 -3
46 12 -2
45 9 -9
44 8 -3
43 5 -1
42 12 6
41 5 0
58 2 -5
57 5 5
56 4 3
55 3 5
54 2 -3
53 9 0
52 4 3
51 5 -8
50 2 4
49 7 -7
48 10 1
47 13 0
46 10 -2
45 11 1
44 10 -4
43 13 1
42 0 0
41 5 -2
58 4 1
57 1 -13
56 4 -7
55 7 1
54 6 -1
53 5 -6
52 6 -1
51 5 2
50 0 0
49 11 2
48 2 7
47 1 -8
46 12 3
45 3 0
44 12 -1
43 7 -2
42 14 3
41 15 3
58 2 -2
57 1 -2
56 4 0
55 7 -2
54 0 4
53 5 2
52 10 1
51 9 2
50 8 6
49 7 0
48 4 12
47 13 -1
46 8 5
45 1 -4
44 8 0
43 13 0
42 2 1
41 1 -12
58 2 -9
57 1 -3
56 6 4
55 3 3
54 6 2
53 7 2
52 2 19
51 1 -1
50 8 0
49 11 3
48 8 -1
47 13 2
46 10 4
45 11 -1
