-63
90
159
118
581
0
0
0
21
58
63
48
70
108
230
723
-40
12
24
43
68
58
85
206
2
29
26
62
75
46
57
155
0
38
46
33
-2
0
0
0
-244
-149
-77
-6
44
84
81
36
-202
-101
-15
52
112
159
197
166
-105
-15
65
136
-11
0
0
0
-328
-197
-102
-12
63
126
175
248
-19
57
27
27
-150
0
0
0
28
29
-30
-29
-19
0
0
0
28
45
74
36
-23
-59
-60
-25
-18
54
77
81
69
74
96
104
124
86
62
70
-3
31
33
66
99
23
-20
-16
-16
0
0
0
163
18
8
2
12
42
101
191
283
35
-6
10
16
57
94
175
235
-9
19
67
163
0
0
0
147
-122
-63
-38
-6
53
108
171
209
50
57
0
33
0
0
0
