-58
70
155
137
581
0
0
0
-21
4
14
11
57
73
221
688
13
30
44
52
49
50
78
210
4
39
44
74
78
41
41
132
2
22
33
23
86
0
0
0
-225
-133
-58
16
67
102
105
103
-221
-113
-40
32
85
130
171
196
-94
-13
66
152
22
0
0
0
-306
-215
-94
-2
75
154
211
299
76
42
32
38
-208
0
0
0
36
32
-26
-37
20
0
0
0
-4
47
67
4
-48
-85
-111
-69
-5
61
85
65
38
41
48
58
65
88
54
67
-2
24
40
67
102
34
7
6
55
0
0
0
199
23
10
11
33
74
135
213
319
-41
-53
-40
-38
9
61
123
198
1
46
93
192
0
0
0
48
-121
-60
-31
14
75
145
218
236
16
19
-15
-89
0
0
0
